1
20 20
6 3 2 1 0
6 2 3 2 0
6 1 18 2 0
8 5 1 3 0
8 0 0 4 0
6 1 18 4 0
8 1 0 4 0
6 0 18 5 0
6 0 19 5 0
8 2 0 6 0
6 1 18 7 0
8 4 0 7 0
6 1 17 8 0
6 2 13 8 0
8 7 0 9 0
6 2 17 9 0
6 1 17 10 0
6 9 0 11 0
6 4 1 12 0
6 10 0 12 0
8 3 0 12 0
6 8 0 13 0
6 3 13 13 0
6 2 14 14 0
6 4 2 15 0
6 8 1 15 0
6 0 2 16 0
6 1 19 16 0
6 4 3 16 0
6 10 1 17 0
8 7 1 17 0
6 0 3 18 0
6 1 14 18 0
6 9 1 18 0
9 19 9 19 99
6 1 19 19 0
6 9 2 19 0
6 1 2 20 0
6 2 18 20 0
9 11 2 21 99
6 0 18 23 0
7 19 10 23 0
6 1 3 23 0
10 18 10 24 10
9 11 0 24 99
8 1 1 24 0
6 3 14 24 0
6 10 2 24 0
8 6 1 25 0
7 18 11 26 0
8 7 2 27 0
6 2 19 27 0
8 6 2 28 0
6 8 2 28 0
6 4 19 28 0
6 3 19 28 0
6 10 3 28 0
7 19 11 29 0
10 18 9 29 10
6 10 4 29 0
10 10 5 29 10
7 19 12 30 0
6 2 19 30 0
6 4 19 30 0
10 12 3 30 10
6 3 19 31 0
6 9 3 32 0
9 12 2 32 99
6 2 19 32 0
9 19 8 32 99
10 11 3 32 10
10 17 10 32 10
6 2 12 32 0
6 4 19 33 0
8 0 1 33 0
9 19 7 33 99
6 8 3 33 0
6 2 19 34 0
9 18 8 34 99
10 17 9 34 10
10 15 7 34 10
9 11 1 34 99
7 19 13 35 0
6 9 4 35 0
7 18 12 35 0
8 5 2 35 0
6 6 3 35 0
6 2 11 35 0
6 2 12 35 0
6 3 18 35 0
6 2 19 36 0
6 7 3 36 0
6 0 4 36 0
6 6 19 36 0
7 7 19 36 0
10 14 7 36 10
7 17 11 37 0
6 7 16 37 0
6 1 19 37 0
6 7 17 37 0
7 18 13 37 0
6 5 19 37 0
9 12 1 37 99
6 6 15 38 0
7 19 15 38 0
6 9 14 38 0
6 9 5 38 0
7 16 11 38 0
6 2 11 38 0
6 5 18 38 0
10 15 8 38 10
7 19 14 38 0
6 6 18 38 0
9 12 0 39 99
6 3 11 39 0
6 4 19 39 0
6 6 17 39 0
7 17 12 39 0
7 16 12 39 0
6 3 12 40 0
9 19 6 40 99
6 7 15 40 0
7 18 15 40 0
10 13 5 40 10
6 5 3 40 0
9 18 7 40 99
10 14 6 41 10
7 18 14 41 0
9 13 2 41 99
10 15 11 41 10
6 1 12 42 0
6 4 4 42 0
7 8 16 42 0
6 5 4 42 0
10 16 8 42 10
6 1 19 42 0
9 15 6 42 99
6 0 10 42 0
10 13 4 43 10
10 13 6 43 10
6 2 4 43 0
10 16 9 43 10
6 5 17 43 0
6 1 11 43 0
6 8 4 43 0
6 0 11 44 0
10 14 8 44 10
9 17 8 44 99
9 13 3 44 99
6 3 4 44 0
6 1 4 44 0
10 12 4 44 10
7 15 12 44 0
10 16 10 44 10
7 19 19 44 0
6 3 5 45 0
7 7 18 45 0
6 4 18 45 0
9 18 0 45 99
6 7 4 45 0
7 8 19 45 0
9 16 7 45 99
7 17 13 45 0
10 13 7 45 10
7 19 18 45 0
6 1 18 45 0
10 12 5 46 10
6 0 11 46 0
7 9 19 46 0
9 13 1 46 99
6 3 17 46 0
9 14 5 46 99
6 4 17 46 0
6 3 6 46 0
7 19 16 46 0
6 6 4 46 0
9 19 5 46 99
6 9 15 46 0
6 8 5 46 0
9 13 0 46 99
6 3 7 46 0
7 19 17 46 0
6 6 16 47 0
7 9 16 47 0
9 19 4 47 99
7 18 18 47 0
10 15 9 47 10
9 14 1 47 99
7 16 13 47 0
7 8 18 47 0
6 8 15 48 0
7 9 18 48 0
9 14 0 48 99
6 7 5 48 0
9 14 2 48 99
6 5 16 48 0
7 17 14 48 0
6 1 10 48 0
9 19 0 48 99
6 8 6 48 0
6 0 5 48 0
6 3 8 48 0
9 19 1 49 99
6 6 5 49 0
7 14 13 49 0
6 7 14 49 0
10 14 11 49 10
10 9 6 49 10
6 8 14 49 0
6 1 11 49 0
6 9 13 50 0
6 3 9 50 0
7 10 16 50 0
9 15 0 50 99
10 11 4 50 10
10 15 10 50 10
6 7 6 50 0
6 5 5 50 0
6 8 13 51 0
6 7 8 51 0
6 1 11 51 0
9 19 2 51 99
9 15 1 51 99
6 4 5 51 0
10 10 6 51 10
6 1 5 51 0
6 3 16 51 0
7 8 17 51 0
9 14 3 51 99
10 8 8 51 10
7 15 13 52 0
10 8 7 52 10
6 7 7 52 0
6 7 9 52 0
6 5 6 52 0
6 6 14 52 0
7 18 17 52 0
6 2 11 52 0
6 3 10 52 0
10 11 5 52 10
9 16 0 52 99
6 7 13 52 0
10 11 14 53 10
9 14 4 53 99
6 2 5 53 0
6 2 16 53 0
10 13 8 53 10
7 16 14 53 0
10 14 12 53 10
6 6 13 53 0
7 14 14 53 0
6 4 16 53 0
6 6 6 53 0
7 18 16 53 0
9 18 6 54 99
6 0 9 54 0
9 18 1 54 99
6 4 6 54 0
10 10 15 54 10
6 1 9 54 0
6 6 7 54 0
7 10 19 54 0
9 17 0 54 99
9 19 3 55 99
7 17 18 55 0
7 18 19 55 0
10 11 6 55 10
7 9 17 55 0
6 5 7 55 0
7 17 15 55 0
7 11 15 55 0
6 1 6 55 0
10 12 6 55 10
6 2 6 55 0
10 10 14 55 10
10 9 7 56 10
6 6 8 56 0
10 12 8 56 10
10 13 11 56 10
7 17 16 56 0
10 13 12 56 10
10 14 9 56 10
6 5 15 56 0
7 15 14 56 0
6 0 8 56 0
6 1 16 57 0
6 5 8 57 0
6 0 6 57 0
7 16 15 57 0
6 7 12 57 0
10 13 13 57 10
6 1 8 57 0
7 13 14 57 0
6 2 7 58 0
10 14 10 58 10
6 6 12 58 0
7 10 17 58 0
6 2 15 58 0
9 18 2 58 99
10 11 13 58 10
6 7 11 58 0
9 15 3 58 99
6 1 7 58 0
7 11 16 58 0
6 5 14 58 0
6 0 7 59 0
6 7 10 59 0
6 4 13 59 0
6 0 15 59 0
7 10 18 59 0
6 4 15 59 0
7 12 14 59 0
7 17 19 60 0
10 12 13 60 10
9 17 7 60 99
10 8 12 60 10
7 11 17 60 0
9 18 3 60 99
10 13 9 60 10
10 8 9 60 10
6 3 15 61 0
9 15 2 61 99
10 13 10 61 10
7 12 16 61 0
6 4 7 61 0
6 2 8 61 0
7 12 15 61 0
6 1 15 61 0
6 6 9 62 0
6 6 11 62 0
9 17 1 62 99
6 1 8 62 0
10 12 12 62 10
7 13 15 62 0
7 14 15 62 0
9 16 6 63 99
6 0 14 63 0
10 10 13 63 10
7 14 16 63 0
6 5 13 63 0
6 1 8 64 0
6 6 10 64 0
7 15 15 65 0
9 16 1 65 99
6 5 12 65 0
10 12 7 66 10
7 11 18 66 0
9 17 6 66 99
10 8 10 66 10
9 16 2 66 99
7 11 19 66 0
7 13 16 66 0
7 15 16 66 0
6 4 14 67 0
9 18 4 67 99
7 17 17 67 0
6 5 11 67 0
10 11 7 68 10
7 14 17 68 0
6 5 9 69 0
6 4 12 69 0
7 12 17 69 0
6 4 8 69 0
10 12 11 69 10
7 16 16 69 0
10 9 12 69 10
6 5 10 70 0
7 12 18 70 0
9 15 4 70 99
6 1 10 70 0
10 9 8 70 10
7 16 18 70 0
10 8 11 71 10
6 4 10 71 0
10 10 12 71 10
7 13 17 72 0
9 15 5 72 99
10 11 8 72 10
10 12 10 72 10
9 18 5 72 99
6 4 9 72 0
6 4 11 72 0
10 9 11 72 10
7 16 17 73 0
7 13 18 73 0
10 11 12 73 10
9 16 5 73 99
7 16 19 73 0
6 0 10 73 0
7 12 19 73 0
6 0 12 74 0
10 10 11 74 10
10 9 9 74 10
6 2 9 74 0
7 15 17 75 0
7 14 18 75 0
10 12 9 75 10
7 15 18 76 0
6 1 9 76 0
7 13 19 77 0
10 10 7 78 10
9 16 4 78 99
6 2 10 78 0
10 9 10 78 10
9 17 2 78 99
7 14 19 79 0
9 17 5 80 99
10 11 11 80 10
9 16 3 81 99
10 11 9 81 10
7 15 19 81 0
9 17 4 81 99
9 17 3 81 99
10 10 9 81 10
10 10 10 81 10
10 11 10 81 10
10 10 8 82 10
4 0 16 82 4
5 2 2 83 95 0 0
0 1 13 62 9
6 3 3 0 0
8 6 0 0 0
6 0 16 0 0
6 0 13 0 0
